0.101605 17.5973
0.012963 7.14214
0.0312132 8.61926
0.00554813 4.40334
0.0229175 6.45637
0.00306792 3.1538
0.0174622 5.27974
0.00192374 2.43057
0.0135647 4.49642
0.00130345 1.95935
0.0107732 3.92544
0.000933303 1.63019
0.0087476 3.48792
0.000697137 1.389
0.00724644 3.14129
0.000538475 1.20571
0.00610798 2.85965
0.000427353 1.06234
0.00522542 2.62616
0.00034681 0.947501
0.00452753 2.42935
0.00028673 0.853677
0.00396589 2.26112
0.000240811 0.775735
0.00350685 2.11559
0.000204977 0.710058
0.00312651 1.98842
0.000176506 0.654033
0.00280758 1.87628
0.000153528 0.605728
0.00253728 1.77663
0.000134728 0.563687
0.002306 1.68745
0.000119157 0.526793
0.00210643 1.60716
0.00010612 0.494176
0.00193289 1.53448
9.51001e-05 0.46515
0.00178096 1.46834
8.57028e-05 0.439165
0.00164711 1.4079
7.76263e-05 0.415778
0.0015285 1.35244
7.06352e-05 0.394625
0.00142286 1.30135
6.45442e-05 0.375408
0.00132832 1.25413
5.92056e-05 0.357878
0.00124334 1.21035
5.45009e-05 0.341827
0.00116664 1.16964
5.03338e-05 0.327079
0.00109715 1.13168
4.66256e-05 0.313486
0.00103398 1.09621
4.33116e-05 0.300919
0.00097636 1.06297
4.0338e-05 0.289268
0.000923646 1.03176
3.76597e-05 0.27844
0.000875283 1.00241
3.5239e-05 0.268351
0.000830793 0.974734
3.30439e-05 0.258931
0.000789763 0.948604
3.10474e-05 0.250115
0.000751835 0.923889
2.92262e-05 0.24185
0.000716697 0.900474
2.75604e-05 0.234085
0.000684074 0.87826
2.60328e-05 0.226778
0.000653728 0.857153
2.46287e-05 0.21989
0.000625444 0.837073
2.33349e-05 0.213387
0.000599038 0.817944
2.21404e-05 0.207238
0.000574341 0.799701
2.10352e-05 0.201416
0.000551206 0.782281
2.00106e-05 0.195896
0.000529502 0.765629
1.9059e-05 0.190654
0.000509109 0.749696
1.81737e-05 0.185672
0.000489922 0.734434
1.73485e-05 0.180931
0.000471845 0.719802
1.65783e-05 0.176413
0.000454792 0.705761
1.58582e-05 0.172105
0.000438686 0.692275
1.5184e-05 0.167991
0.000423456 0.679311
1.45518e-05 0.16406
0.000409038 0.66684
1.39583e-05 0.160299
0.000395375 0.654833
1.34003e-05 0.156699
0.000382413 0.643264
1.28751e-05 0.153248
0.000370104 0.632111
1.23802e-05 0.149939
0.000358404 0.621349
1.19132e-05 0.146763
0.000347272 0.61096
1.14722e-05 0.143711
0.000336672 0.600922
1.10552e-05 0.140778
0.00032657 0.59122
1.06605e-05 0.137957
0.000316933 0.581836
1.02866e-05 0.13524
0.000307734 0.572753
9.93197e-06 0.132624
0.000298945 0.563959
9.59539e-06 0.130102
0.000290542 0.555439
9.27562e-06 0.127669
0.000282503 0.54718
8.97156e-06 0.125321
0.000274806 0.539171
8.68221e-06 0.123054
0.000267431 0.531399
8.40664e-06 0.120864
0.00026036 0.523855
8.14397e-06 0.118746
0.000253578 0.516529
7.89342e-06 0.116698
0.000247067 0.509411
7.65426e-06 0.114716
0.000240813 0.502492
7.4258e-06 0.112797
0.000234803 0.495763
7.20742e-06 0.110938
0.000229023 0.489218
6.99853e-06 0.109136
0.000223462 0.482849
6.79859e-06 0.107389
0.000218109 0.476647
6.6071e-06 0.105695
0.000212954 0.470608
6.42359e-06 0.10405
0.000207986 0.464724
6.24761e-06 0.102454
0.000203196 0.45899
6.07877e-06 0.100903
0.000198576 0.453399
5.91669e-06 0.0993969
0.000194117 0.447947
5.761e-06 0.0979326
0.000189813 0.442628
5.61138e-06 0.0965089
0.000185655 0.437437
5.46751e-06 0.095124
0.000181638 0.43237
5.32911e-06 0.0937765
0.000177754 0.427422
5.1959e-06 0.0924648
0.000173998 0.422589
5.06762e-06 0.0911877
0.000170364 0.417868
4.94404e-06 0.0899437
0.000166847 0.413253
4.82492e-06 0.0887316
0.000163442 0.408742
4.71006e-06 0.0875502
0.000160144 0.404331
4.59925e-06 0.0863984
0.000156948 0.400017
4.49231e-06 0.0852752
0.00015385 0.395797
4.38906e-06 0.0841794
0.000150847 0.391666
4.28933e-06 0.0831102
0.000147933 0.387624
4.19296e-06 0.0820665
0.000145106 0.383666
4.09981e-06 0.0810475
0.000142363 0.379791
4.00973e-06 0.0800524
0.000139699 0.375995
3.92258e-06 0.0790803
0.000137112 0.372276
3.83825e-06 0.0781305
0.000134598 0.368632
3.75661e-06 0.0772021
0.000132156 0.36506
3.67755e-06 0.0762946
0.000129782 0.361559
3.60096e-06 0.0754072
0.000127473 0.358126
3.52674e-06 0.0745393
0.000125228 0.354759
3.45479e-06 0.0736902
0.000123043 0.351456
3.38503e-06 0.0728594
0.000120917 0.348216
3.31736e-06 0.0720463
