100 2 1
3.66276 0.512785 -1
0.340855 0.846751 1
11.3731 0.567475 -1
0.138029 0.68267 1
2.4739 0.160158 -1
0.85545 1.12348 1
7.45852 0.688527 -1
0.87131 0.938418 1
2.85566 0.395411 -1
0.932052 0.501873 1
11.8325 0.77802 -1
0.179954 1.07318 1
6.58955 0.529959 -1
0.402398 0.283158 1
11.0175 0.154508 -1
0.654975 0.450936 1
7.14218 0.18166 -1
0.181124 0.522556 1
11.1726 0.518001 -1
0.155092 0.947225 1
3.60351 0.71961 -1
0.792498 0.897953 1
10.9303 0.37569 -1
0.664601 1.03058 1
10.4785 0.473855 -1
0.614709 0.29616 1
7.88789 0.129748 -1
0.648328 0.923122 1
10.9511 0.857836 -1
0.334027 0.24347 1
5.03605 0.472864 -1
0.880802 0.363902 1
5.44838 0.686853 -1
0.849481 0.526498 1
3.81632 0.861018 -1
1.15095 0.262967 1
6.32416 0.608409 -1
0.637366 1.1572 1
4.31767 0.666342 -1
0.816379 0.98338 1
6.97375 0.282925 -1
1.09184 0.256223 1
6.33901 0.897084 -1
0.278418 0.501873 1
3.69705 0.509777 -1
0.59753 1.12484 1
4.46638 0.91803 -1
1.04695 0.656551 1
10.2486 0.51602 -1
0.796013 1.00717 1
9.14118 0.958973 -1
0.418248 0.665878 1
6.37467 0.888909 -1
0.902722 0.887207 1
9.18274 0.117183 -1
0.677486 0.171713 1
7.09385 0.713844 -1
1.1083 1.07902 1
3.73627 0.990426 -1
0.590626 0.666125 1
6.62137 0.825985 -1
0.332671 0.268965 1
8.31696 0.100791 -1
0.900068 0.559496 1
8.9334 0.852778 -1
1.01158 0.189911 1
8.44389 0.292192 -1
0.527706 1.1423 1
4.98446 0.355632 -1
0.962252 0.410371 1
2.50864 0.984912 -1
1.0017 0.537958 1
4.09805 0.241958 -1
0.382886 0.211801 1
8.49329 0.815293 -1
0.928234 0.796773 1
8.14288 0.3869 -1
0.229181 0.678736 1
8.04469 0.73269 -1
0.277856 1.04625 1
7.74562 0.384407 -1
0.681403 0.746931 1
6.53614 0.433204 -1
0.591553 0.526614 1
3.15133 0.32853 -1
0.843861 0.901469 1
11.4696 0.946147 -1
0.606478 0.827491 1
8.21414 0.235355 -1
0.478199 0.675088 1
2.54353 0.678681 -1
1.10963 1.1671 1
10.5022 0.510176 -1
0.124292 0.877645 1
6.59173 0.776539 -1
0.865247 0.929249 1
2.44084 0.171925 -1
1.09363 0.921347 1
2.46088 0.566631 -1
0.698425 0.337408 1